17699 
22506 
6057 
2934 
18750 
20075 
12128 
19453 
6196 
17102 
24635 
12934 
4943 
5333 
7755 
10390 
10821 
24764 
18372 
25487 
13868 
19339 
18038 
5898 
11704 
21938 
460 
6937 
4681 
19373 
9930 
22048 
12527 
9273 
1214 
22194 
18410 
11060 
8228 
20626 
17150 
9600 
21197 
24460 
2433 
24545 
22932 
6836 
11777 
18244 
23994 
17130 
15575 
19675 
9462 
20834 
5537 
12814 
14498 
18322 
13854 
25089 
8427 
22674 
25489 
10344 
237 
20993 
11229 
15541 
2760 
18356 
19029 
8159 
1536 
2385 
404 
15755 
15985 
12373 
5993 
1108 
19848 
4666 
15364 
9443 
14953 
17207 
20010 
406 
22458 
19755 
7947 
7310 
22400 
3727 
11944 
14832 
1952 
8805 
15555 
14659 
10970 
16909 
7716 
24888 
16485 
5502 
11943 
17912 
22801 
19665 
17059 
15172 
10287 
10915 
8534 
8273 
14595 
24717 
11668 
5087 
14979 
8396 
5319 
21077 
4475 
10184 
16078 
17981 
12834 
5723 
19551 
555 
25447 
10090 
23674 
10031 
4780 
19761 
18988 
12777 
1674 
25282 
15101 
3975 
17107 
25277 
21789 
20678 
4715 
9569 
1978 
5788 
9269 
25245 
8062 
8195 
24739 
5294 
1972 
6849 
19828 
13646 
14754 
7153 
24000 
12076 
25626 
5724 
2278 
4643 
24017 
528 
14137 
22018 
13915 
7496 
11384 
21037 
8835 
20854 
613 
8753 
8286 
16385 
4035 
25403 
6449 
15023 
20484 
2261 
4191 
23340 
21046 
13212 
16010 
15821 
21716 
1006 
20244 
24833 
3465 
6627 
14200 
12005 
24447 
8948 
13704 
9621 
1848 
6208 
1986 
1821 
11605 
7036 
5820 
15841 
2267 
2903 
3199 
20952 
9977 
8698 
19133 
24229 
20478 
1336 
6155 
6415 
14575 
14361 
22211 
19806 
8459 
3249 
22465 
25073 
7290 
24520 
21211 
18809 
16070 
10748 
19483 
20961 
22751 
11985 
3225 
23223 
16748 
22798 
3958 
24185 
7006 
3932 
10917 
4683 
22260 
25215 
1901 
18170 
25120 
4 
11210 
21083 
17281 
21994 
1732 
23196 
19173 
4038 
13750 
17067 
17162 
2194 
10728 
16338 
24485 
16313 
11730 
17887 
20926 
13866 
6079 
22442 
13625 
20153 
17690 
1367 
12480 
5574 
22842 
10362 
4022 
25072 
4103 
385 
21907 
11057 
18956 
18485 
17174 
418 
17510 
11147 
20516 
20773 
22015 
3799 
14528 
21475 
17775 
17450 
18196 
3079 
3777 
6745 
23509 
9538 
19322 
4068 
8361 
7188 
19725 
2212 
3766 
9482 
2770 
21502 
6765 
25455 
4988 
22210 
19739 
23753 
14890 
5293 
12556 
25743 
22695 
847 
7254 
1909 
12805 
24952 
22291 
10273 
14167 
18017 
19570 
6063 
3487 
5387 
15029 
20158 
11136 
22899 
7051 
2118 
12663 
9547 
3858 
8287 
17209 
20476 
12747 
15256 
19785 
19529 
25578 
4198 
11986 
11830 
21166 
9540 
4558 
21939 
1851 
21863 
20172 
9544 
22228 
17998 
4176 
19160 
2771 
9916 
20122 
24561 
4436 
13277 
21683 
15980 
15748 
10594 
23370 
16977 
19345 
25635 
17492 
16391 
17187 
13444 
23604 
25685 
14880 
4242 
25519 
1293 
11390 
16711 
19790 
18486 
22462 
12685 
24861 
9686 
14730 
10617 
21440 
11159 
5225 
3939 
11727 
11594 
11282 
888 
7312 
6394 
15180 
18940 
7062 
12417 
13965 
881 
4930 
23325 
23283 
24740 
11359 
5651 
23312 
4522 
9766 
16002 
8973 
7362 
1305 
2157 
19577 
6846 
20860 
12810 
16997 
4441 
13084 
2440 
16530 
6317 
1122 
11143 
25395 
5076 
1913 
19161 
10150 
5489 
364 
16151 
57 
12613 
5242 
21579 
20085 
8944 
7149 
14219 
14439 
10522 
13865 
12292 
9517 
8110 
8434 
23866 
5190 
25090 
1697 
16181 
603 
12601 
21985 
3262 
4661 
9086 
18068 
3126 
12960 
20806 
22771 
22947 
18771 
11890 
14489 
5994 
11247 
19191 
23608 
22166 
13896 
13388 
6364 
12717 
9866 
24184 
15622 
6179 
15905 
5630 
1510 
24658 
19211 
10131 
22278 
14587 
22145 
21366 
7463 
9069 
21408 
14301 
11175 
14384 
19613 
7474 
19115 
19691 
10704 
11539 
13464 
21482 
3298 
1369 
20033 
4023 
9678 
6130 
8019 
18689 
25438 
8448 
211 
17249 
4072 
14772 
18255 
2246 
369 
21423 
13805 
24845 
25434 
24073 
4279 
9279 
8409 
1292 
1500 
14213 
14305 
3377 
12494 
3313 
23982 
25537 
8905 
21358 
19718 
21206 
1446 
4374 
18078 
767 
21146 
11349 
18571 
6109 
25218 
7715 
20785 
14708 
3129 
7513 
18282 
21854 
12526 
13397 
8538 
19039 
17805 
15041 
14010 
23912 
2846 
10343 
23829 
14975 
14052 
6602 
16068 
20274 
11075 
9508 
25018 
24601 
6425 
11279 
3599 
10098 
19533 
21896 
4256 
9272 
1946 
1881 
1459 
7288 
3882 
4175 
14981 
14071 
15327 
17960 
8602 
2049 
3044 
790 
19297 
5278 
25345 
9067 
21686 
14172 
6150 
16464 
15945 
14586 
9887 
25097 
17706 
8238 
24878 
12517 
492 
7761 
21 
5094 
9419 
1665 
904 
5752 
24391 
7145 
7841 
24360 
10940 
18632 
25614 
23408 
1179 
1615 
22648 
18449 
16521 
9737 
13158 
11854 
2445 
19163 
8940 
6493 
696 
19315 
3742 
15571 
1231 
5429 
8902 
23902 
5113 
23630 
825 
11461 
3067 
5135 
12022 
18625 
3176 
3536 
222 
20648 
25750 
5363 
9559 
25684 
7319 
9368 
6320 
10507 
15250 
14669 
9267 
3823 
14324 
2373 
24609 
8654 
24161 
7257 
4034 
6633 
10977 
23118 
25503 
3048 
4459 
10347 
15514 
17632 
11055 
20912 
10584 
19087 
11446 
20414 
25103 
8989 
16547 
378 
793 
5685 
14039 
3040 
19332 
616 
9139 
16456 
15345 
20334 
20230 
