9480 
12075 
23540 
3195 
1505 
10072 
10780 
6474 
10447 
3275 
9157 
13254 
22311 
17619 
20737 
6912 
2578 
15198 
2797 
14287 
4134 
5558 
5786 
13325 
18462 
17643 
9846 
13707 
19575 
7398 
10389 
14838 
9662 
23759 
16841 
3110 
6249 
20666 
18661 
23366 
15934 
11779 
250 
3688 
2435 
10406 
22485 
23030 
19408 
20468 
17803 
5307 
17299 
15708 
11840 
20348 
21446 
25214 
6684 
4953 
620 
11912 
9864 
5913 
4380 
15030 
13913 
19888 
24213 
11055 
9186 
5140 
11368 
22652 
19288 
13169 
1257 
23205 
13213 
12313 
23910 
18840 
3627 
6297 
14362 
13945 
9769 
12917 
9175 
8343 
10567 
5060 
11175 
15679 
2917 
6847 
7756 
9815 
21789 
7390 
13494 
4501 
12175 
13708 
5529 
22087 
16689 
118 
23404 
11257 
22950 
22271 
6003 
8324 
1426 
18597 
24936 
9835 
10226 
4347 
17891 
794 
22635 
24448 
24158 
21780 
1233 
19035 
219 
14278 
15793 
8435 
8553 
6608 
21352 
23370 
3168 
24204 
565 
10653 
14510 
2428 
8231 
5049 
22975 
25263 
8006 
15404 
9215 
10740 
20349 
19111 
220 
12047 
10605 
4237 
3897 
20537 
18687 
12014 
1916 
6380 
7943 
1005 
24443 
4700 
8329 
7845 
17095 
5864 
18826 
25076 
9067 
19645 
4116 
13387 
14902 
8840 
17043 
2892 
20362 
19620 
6379 
9594 
24956 
24409 
21788 
21567 
14726 
12239 
10563 
9133 
8121 
5503 
5837 
19295 
14986 
4557 
4404 
18490 
7808 
13300 
6227 
23112 
2662 
8021 
4481 
2790 
13880 
20576 
11305 
2332 
5449 
8613 
9629 
23655 
6859 
3012 
10497 
296 
13691 
15134 
24126 
5395 
12728 
20257 
5369 
22704 
2494 
10608 
22895 
10200 
6828 
20461 
858 
13586 
8088 
2043 
21620 
19836 
9161 
13585 
22925 
11697 
15826 
22192 
11086 
17364 
24928 
2456 
5123 
19665 
1026 
24798 
17023 
16565 
21594 
24944 
15915 
17394 
24474 
20333 
3051 
4951 
13572 
4293 
4368 
22709 
13313 
2779 
24781 
24784 
20504 
1021 
3639 
17657 
22551 
14741 
10643 
7287 
7898 
15264 
17475 
3817 
12921 
17750 
6445 
13782 
15023 
16742 
23217 
18413 
3013 
1188 
2414 
12933 
285 
7554 
11822 
7426 
4006 
23681 
6090 
11278 
23266 
22335 
4717 
19268 
11184 
328 
4672 
23646 
4412 
16710 
8788 
2079 
20118 
13662 
3418 
22077 
8044 
15022 
18419 
10998 
1179 
2167 
12555 
11286 
7055 
8571 
25123 
8470 
11651 
22607 
522 
23991 
24769 
10866 
14175 
13359 
1781 
3516 
7587 
24741 
19413 
6408 
13161 
14836 
4783 
7317 
5151 
949 
22358 
15768 
14629 
3281 
19481 
1031 
24362 
20757 
932 
23169 
6201 
17773 
24649 
25466 
3739 
3069 
24822 
8482 
23598 
1181 
15345 
1490 
17396 
1629 
11238 
14121 
17963 
5341 
4642 
20114 
10282 
13047 
10994 
686 
17288 
3250 
24578 
3402 
7796 
7679 
11922 
18918 
22029 
10635 
4521 
16003 
1654 
12052 
16780 
13483 
3890 
13201 
16574 
11373 
10105 
8609 
25144 
5746 
10461 
24479 
22537 
20249 
11243 
12213 
6399 
19256 
1645 
12481 
22383 
8971 
25078 
12237 
2037 
13026 
3722 
2023 
17954 
5838 
18255 
22968 
2437 
11948 
13556 
980 
9729 
20704 
13508 
25088 
3 
23708 
5993 
11309 
21978 
9257 
11810 
883 
17535 
12466 
10307 
2080 
7336 
9139 
9191 
1141 
16512 
5739 
20273 
19851 
8765 
13184 
23236 
16557 
25360 
8752 
16560 
6265 
19773 
9577 
25046 
11220 
7396 
3207 
21131 
12036 
7274 
23003 
19597 
10816 
9473 
711 
19973 
6658 
2935 
24035 
12260 
20816 
17034 
5538 
2072 
21148 
24931 
22287 
13482 
2120 
22761 
18144 
19027 
209 
15125 
18980 
24388 
11763 
5910 
10184 
9909 
22327 
18184 
9198 
21662 
226 
23911 
9380 
19211 
22130 
24981 
18376 
21287 
5963 
11012 
11136 
16791 
19022 
11821 
1951 
7774 
24017 
20541 
11524 
9522 
9343 
15020 
21973 
9743 
1575 
14010 
1942 
3580 
16891 
18855 
24261 
22336 
12640 
21837 
5103 
17540 
16148 
10378 
14161 
16113 
2100 
4462 
3831 
10588 
1148 
1937 
5073 
1433 
16332 
11535 
3591 
13694 
21066 
2600 
11921 
10596 
12773 
7977 
2778 
6699 
15537 
15786 
13841 
12184 
19476 
444 
3871 
985 
18441 
23845 
13963 
6842 
13419 
20577 
20334 
22731 
11965 
15580 
5496 
7571 
13904 
18572 
9651 
20570 
10506 
20702 
3201 
18109 
22839 
1794 
18999 
22256 
2829 
8048 
10820 
5957 
12296 
19725 
20827 
3748 
1097 
6763 
18642 
5109 
1983 
25540 
4413 
24614 
9217 
10993 
6811 
8166 
10625 
14553 
18920 
24010 
18023 
10485 
19381 
22205 
13929 
13757 
18798 
2169 
6400 
6329 
21038 
11356 
5104 
2375 
21152 
15579 
11780 
951 
11744 
21569 
10826 
5107 
23134 
16333 
11931 
16248 
14253 
9638 
2160 
10300 
24140 
1434 
5302 
15621 
22608 
16819 
10801 
19292 
25251 
22638 
13221 
22834 
2304 
21763 
19198 
15753 
7093 
11630 
8549 
8433 
17705 
5665 
12570 
9100 
10392 
13787 
25408 
9368 
8793 
9206 
15047 
14513 
7183 
12689 
19176 
13813 
17279 
25310 
24592 
7970 
22990 
19517 
15293 
2197 
13724 
662 
16350 
17113 
6093 
8954 
23806 
10627 
9910 
12050 
18133 
6777 
13372 
5183 
7884 
5681 
11501 
5968 
2740 
23338 
17731 
14876 
2027 
6264 
6197 
21624 
6037 
22200 
461 
3899 
3388 
21248 
20898 
8124 
25434 
10172 
25398 
3753 
6628 
15881 
21719 
7449 
457 
2569 
14470 
12542 
12514 
21699 
13314 
23956 
6079 
21208 
20705 
2972 
16280 
21025 
20744 
12533 
2360 
17130 
5220 
16073 
23228 
24200 
25172 
8565 
4794 
21559 
20459 
20924 
24305 
15942 
3932 
14617 
669 
1121 
22068 
23938 
15572 
20284 
15283 
10512 
3636 
21469 
11187 
6843 
19142 
9111 
24875 
2307 
6993 
23105 
1260 
17118 
15161 
8862 
3343 
571 
5961 
13658 
24977 
2656 
986 
15654 
10301 
5433 
2883 
19217 
200 
16645 
18742 
8655 
18393 
31 
23863 
6736 
22122 
23652 
14589 
2753 
11579 
10783 
4781 
3813 
7596 
7723 
18822 
14891 
5623 
7395 
6561 
5093 
4322 
4504 
12839 
2719 
13495 
864 
8675 
19692 
21444 
321 
6727 
23895 
11804 
22763 
1664 
21669 
2427 
23569 
4858 
9679 
1594 
18484 
16475 
6924 
18560 
11159 
12226 
12321 
10085 
6352 
7751 
3169 
6015 
10314 
12690 
17120 
22288 
17289 
17184 
11897 
20404 
7414 
17461 
14585 
21159 
7154 
21850 
3370 
6794 
15183 
23419 
5273 
13025 
20023 
23801 
20043 
24802 
21199 
8368 
21521 
14897 
3262 
14634 
8508 
16941 
2963 
19868 
15796 
14314 
783 
13264 
18814 
22926 
10324 
19862 
5424 
21455 
17770 
24862 
20766 
15747 
11959 
7803 
19920 
11888 
11454 
3987 
14471 
24815 
4849 
11481 
19879 
15603 
23045 
18277 
7644 
16938 
14002 
5977 
18062 
17338 
7694 
10531 
17155 
3994 
19544 
15363 
22371 
10273 
10574 
5729 
6166 
15535 
7194 
11527 
19805 
22204 
1686 
713 
10754 
19484 
2073 
5179 
3236 
4273 
16443 
10033 
13686 
16549 
14152 
4511 
21097 
102 
24398 
16860 
23602 
23056 
24575 
18510 
9242 
2103 
7908 
9775 
15392 
1167 
16700 
19351 
23471 
201 
24167 
17633 
22669 
11490 
16931 
7368 
13364 
13683 
20495 
12967 
2218 
4955 
23960 
23333 
25011 
4487 
661 
17618 
22579 
778 
14024 
7594 
7646 
23651 
1736 
6668 
1695 
19999 
24297 
19975 
18148 
12906 
13734 
4758 
17525 
11450 
10585 
11369 
751 
2270 
15697 
9682 
25421 
407 
21865 
15268 
18962 
18187 
20169 
11343 
6073 
17056 
9963 
3225 
13558 
4115 
23839 
11146 
22170 
7870 
1596 
16782 
4015 
9791 
22166 
11739 
6683 
25459 
20893 
23441 
7160 
19758 
23330 
18351 
20539 
17640 
15106 
24953 
4560 
14818 
15175 
10234 
9536 
8055 
23522 
7474 
12868 
1461 
5528 
17235 
22474 
12820 
8018 
14631 
7503 
18529 
3507 
8607 
10881 
14656 
5922 
5088 
22692 
13455 
13243 
19454 
23617 
3408 
6035 
14351 
1855 
19161 
5401 
10487 
11759 
19491 
2205 
14044 
4952 
25315 
1001 
969 
758 
20667 
3888 
1996 
2159 
8023 
23903 
20612 
24740 
15006 
7516 
8206 
23486 
21895 
25223 
9618 
4591 
1068 
1555 
416 
15494 
10363 
2768 
23914 
13623 
4847 
16001 
11633 
7574 
3248 
8830 
18677 
8526 
16161 
7802 
22160 
5283 
13499 
18461 
9485 
4388 
13381 
23622 
16969 
6679 
268 
4136 
13 
2665 
5034 
854 
15479 
471 
3032 
13130 
3810 
4181 
13117 
24964 
22379 
5851 
10002 
13773 
18308 
12587 
14791 
16107 
602 
25412 
25460 
14887 
830 
12156 
16121 
9884 
8855 
5206 
7028 
17253 
6338 
1262 
10302 
19324 
4780 
21193 
18616 
3446 
15035 
374 
10372 
1925 
22146 
8340 
627 
2854 
4755 
12862 
2677 
12703 
24677 
18532 
16633 
19318 
24860 
19769 
433 
6132 
1567 
2688 
18683 
6416 
9995 
17834 
1616 
18105 
1815 
108 
11067 
23789 
13846 
24766 
2811 
19465 
14789 
5117 
14432 
13812 
3903 
5007 
3345 
25173 
5614 
22349 
8162 
17470 
7847 
23474 
19660 
15636 
4949 
1965 
16097 
7657 
1228 
20199 
13244 
4620 
16145 
18022 
13015 
17602 
20285 
3873 
2078 
3520 
5869 
12419 
18259 
13716 
1557 
2322 
5531 
17711 
17443 
18928 
8313 
9440 
25248 
16200 
25131 
22589 
20529 
21844 
5909 
11211 
22050 
24032 
17905 
24416 
21496 
5660 
16185 
10259 
23327 
14235 
14635 
17899 
18390 
6123 
16904 
10961 
19071 
13502 
4806 
24454 
24109 
8872 
20434 
206 
418 
19451 
20279 
2990 
23987 
19132 
7493 
1553 
10385 
20307 
24053 
331 
4883 
17527 
24997 
8828 
14925 
24332 
23221 
8217 
10913 
22730 
10861 
