20139 
17556 
7781 
14286 
2741 
891 
9525 
7817 
11955 
1996 
20582 
6161 
14143 
9948 
19789 
4232 
17899 
19079 
11515 
13758 
8158 
7103 
3763 
13504 
15754 
23502 
2403 
113 
12597 
21470 
18276 
11267 
19427 
20898 
10315 
1042 
177 
3697 
16468 
17094 
5849 
19868 
18903 
17477 
9796 
22953 
8352 
18234 
21973 
21357 
16449 
10700 
867 
3952 
15558 
19797 
21455 
1306 
18968 
23592 
3161 
13506 
10863 
13883 
9996 
21965 
6690 
10293 
23211 
12093 
2123 
6585 
13544 
12037 
22984 
21898 
16463 
16000 
1760 
11284 
2310 
9586 
19252 
40 
13964 
20374 
2618 
21293 
13353 
18393 
18795 
13741 
16094 
12487 
18858 
4010 
17305 
7233 
22939 
12136 
22696 
6529 
5556 
16047 
22963 
4188 
7296 
22037 
13479 
18402 
22665 
22673 
13814 
7853 
18034 
1788 
2866 
7455 
8048 
2387 
5966 
19445 
9417 
20422 
19571 
17602 
11224 
20357 
5903 
13041 
17066 
2386 
9432 
23317 
18158 
21023 
22636 
650 
22577 
11525 
1990 
17644 
3905 
1554 
11721 
21794 
14326 
19365 
8097 
22386 
23992 
22735 
20262 
3036 
7301 
536 
8497 
13030 
7076 
22239 
10481 
16981 
4382 
6042 
5582 
23356 
22043 
17996 
13340 
11195 
17698 
23216 
8477 
9087 
18955 
14223 
23238 
20489 
16860 
7580 
5448 
13376 
12519 
19492 
5540 
23773 
5549 
12377 
23168 
15073 
19033 
11996 
12763 
21109 
14436 
6560 
15109 
22942 
17503 
18505 
8878 
10690 
2601 
10592 
21862 
17586 
8965 
16187 
20899 
11096 
17180 
23027 
9347 
15401 
6063 
10679 
21076 
13897 
2381 
16855 
316 
6271 
10343 
21576 
17603 
16555 
7593 
4676 
620 
4604 
5071 
14936 
3399 
3933 
11706 
9472 
20760 
212 
13966 
13480 
18439 
3488 
93 
9744 
13952 
14220 
8803 
18674 
10630 
17438 
12278 
14455 
9908 
24157 
22309 
1395 
10485 
21061 
8610 
11450 
17330 
150 
10225 
14878 
15115 
3487 
16005 
19299 
5072 
4885 
817 
21323 
3570 
18162 
6114 
11278 
23573 
18242 
18666 
16418 
11064 
3876 
7958 
23884 
2440 
1314 
11017 
7046 
23673 
22268 
19011 
11801 
2927 
5106 
6736 
20689 
8848 
19717 
8018 
2075 
16103 
17318 
15310 
14594 
23940 
23863 
4111 
16317 
1234 
16261 
20971 
15226 
14224 
4950 
14858 
14299 
6768 
4529 
19474 
21445 
23402 
15985 
13737 
14655 
21664 
4249 
1525 
17051 
20938 
3477 
13396 
2904 
15797 
10943 
22843 
19239 
6747 
2672 
23018 
3654 
11108 
5742 
10108 
9381 
20802 
17167 
20365 
1467 
10280 
2108 
12194 
15752 
20872 
18507 
16202 
20204 
9570 
5368 
9721 
6749 
17505 
7079 
6872 
13632 
7429 
1458 
15129 
16580 
2718 
19903 
12858 
20682 
12896 
22703 
15205 
15903 
2118 
1560 
6355 
12559 
3959 
951 
10256 
18859 
12545 
15774 
8091 
22818 
14339 
3861 
12659 
1235 
22724 
12580 
3541 
19106 
9128 
6346 
304 
8694 
7190 
6819 
11875 
3073 
17664 
3397 
12435 
17326 
11727 
5305 
5519 
601 
15002 
21880 
6207 
20272 
19125 
22236 
9634 
3133 
5881 
11391 
20006 
21378 
7800 
18305 
6336 
13801 
20978 
19710 
23091 
7778 
18096 
355 
20364 
12821 
21652 
12765 
8893 
7559 
3744 
23916 
16625 
2876 
10565 
8970 
13158 
6614 
20748 
17266 
6045 
17253 
23982 
14581 
19954 
12338 
19701 
9287 
13891 
7812 
2569 
22980 
1939 
2708 
20103 
6968 
17872 
1556 
9664 
1621 
18353 
11641 
20301 
1017 
10989 
11741 
384 
23681 
14146 
20887 
14042 
22575 
2350 
20037 
16678 
23524 
3315 
20902 
4377 
9978 
4703 
17239 
9524 
20310 
6417 
3292 
22998 
17687 
9199 
1885 
4594 
23900 
23983 
2096 
4621 
7005 
11330 
15196 
9846 
2410 
17214 
22441 
9673 
5716 
11318 
22813 
12361 
9990 
8231 
8789 
20647 
22627 
11675 
1882 
1169 
23403 
17631 
7447 
20011 
12124 
3602 
4578 
13228 
4665 
8608 
7746 
13399 
9098 
7967 
7383 
10499 
23567 
4771 
23332 
18118 
13865 
16569 
17027 
21104 
8381 
21908 
15844 
4742 
19690 
784 
1561 
8369 
9376 
6291 
10778 
21990 
21266 
13695 
11636 
13387 
21016 
10924 
13430 
21146 
7565 
23052 
2177 
21715 
19452 
18438 
